1753
131
924 1119
1227 1230
203 1053
1518 862
1100 698
1020 1460
288 979
68 463
93 1537
1520 130
268 316
208 1613
1304 1388
1426 254
166 603
443 944
249 376
728 400
448 1680
450 102
1286 1257
1421 1409
592 727
1455 59
12 756
440 662
29 1600
1397 1739
14 463
922 1154
951 773
1360 1200
1622 40
1052 272
1473 884
1325 462
1597 1607
1414 364
28 1543
791 441
1315 1132
1196 511
329 288
265 65
236 400
49 270
559 460
61 1718
1003 888
458 927
1215 490
1592 1077
1505 956
1398 220
632 1221
179 1446
808 1238
1160 1432
1277 1220
1378 1275
94 579
1306 262
34 362
1268 180
1446 485
1337 1095
1615 1264
331 230
727 592
353 150
1224 44
1564 1548
676 1109
126 1675
1158 659
1565 1319
1534 279
82 1428
769 632
485 1047
1041 144
992 444
1606 1299
751 1249
170 1097
964 69
358 87
138 1510
865 1490
525 700
431 1744
291 513
797 342
1393 1362
583 302
20 599
384 1386
1302 725
1336 1200
1064 102
1721 1237
380 190
1254 561
1431 1716
1011 288
1110 855
1122 1411
1530 1565
1457 818
1260 514
398 226
429 1039
1062 466
874 1041
1298 1670
1656 1469
639 217
442 682
1358 733
282 1393
36 126
1604 717
63 328
555 383
507 1449
178 1527
374 1005
1239 208
465 694
216 1245
1247 502
